O0 popcount
O1 popcount
O2 popcount
O3 popcount
O0 popcount
    73101 	
    37058 	
    28267 	
    30349 	
    30931 	
    30193 	
    31921 	
    34007 	
    34397 	
    37225 	
    54057 	
O1 popcount
     1909 	
     1910 	
     1999 	
     1890 	
     4952 	
     2224 	
     2653 	
     1732 	
     2267 	
     1843 	
     1919 	
O2 popcount
     2290 	
     1691 	
     2826 	
     2039 	
     7050 	
     1909 	
     1750 	
     2113 	
     2475 	
     3086 	
     2523 	
O3 popcount
     1584 	
     1895 	
     2276 	
     1863 	
     4078 	
     2423 	
     1981 	
     1767 	
     4173 	
     2417 	
     1887 	
